1.613613956310492625e+01
1.783430682701180814e+01
2.212323439282782545e+01
2.293468988235942874e+01
2.502373872945447886e+01
2.114237451186597383e+01
1.355774686295624853e+01
1.002808556006579010e+01
9.717895862788404671e+00
6.595452979136459781e+00
1.500000000000000000e+01
1.500000000000000000e+01
1.500000000000000000e+01
1.500000000000000000e+01
1.500000000000000000e+01
1.400000000000000000e+01
1.400000000000000000e+01
1.500000000000000000e+01
1.400000000000000000e+01
1.400000000000000000e+01
1.262337593606937813e-01
2.449853423150619935e+00
1.098383638205607404e+01
1.741563467492253992e+01
1.102345796618240392e-01
2.347725932478238686e+00
1.288952159811281284e+01
1.421826625386999332e+01
1.603060252441056710e-01
3.791234307488169808e+00
2.503340506242976105e+01
4.151780185758485686e+01
1.506840252970283733e-01
3.655446591592097061e+00
2.375553656010307080e+01
4.789809081527332069e+01
1.375922838771130863e-01
2.995686331212630282e+00
1.700179889769660946e+01
3.539499484004113583e+01
1.354224550818973194e-01
3.179008040463133788e+00
1.971799219012830662e+01
3.256269349845192096e+01
8.606877298827732281e-02
2.249899352453522461e+00
1.707493044451242170e+01
2.980804953560355841e+01
7.250072768648592458e-02
1.549858809920721336e+00
8.561839648139931924e+00
1.469582043343643107e+01
5.810245825725681573e-02
1.225762369725213352e+00
7.723761231888129686e+00
1.184416924664595427e+01
3.128390357492513013e-02
7.476553374386156747e-01
5.144050737703952159e+00
9.189370485036086222e+00
2.431691797905318353e+01
3.722230514086950137e+01
5.303418708719875951e+01
6.507015444887156264e+01
5.260584568277559470e+01
3.903764209067960422e+01
2.825774230188958214e+01
2.682116701413270121e+01
1.867652269561975942e+01
1.670703444660362180e+01
1.500000000000000000e+01
1.400000000000000000e+01
1.300000000000000000e+01
1.400000000000000000e+01
1.500000000000000000e+01
1.500000000000000000e+01
1.400000000000000000e+01
1.500000000000000000e+01
1.400000000000000000e+01
1.500000000000000000e+01
1.192248154322451403e-01
2.456192801007024862e+00
1.577565898154123403e+01
2.592647058823511941e+01
1.422230160620247263e-01
3.336222343188268713e+00
1.943649706846295189e+01
6.416486068111439067e+01
3.255900875869907618e-01
6.498571088354339942e+00
3.585472400836175666e+01
6.616357069143431602e+01
4.561767352015008714e-01
1.057065599519154375e+01
6.963824483909584728e+01
1.089468524251803672e+02
3.235227964330131822e-01
7.170679810385661490e+00
4.963020343089975484e+01
8.056501547987551248e+01
2.581997036331393769e-01
6.869192211297451500e+00
5.111718445812854839e+01
7.570872033023681524e+01
1.362129872191787661e-01
3.707124145204625076e+00
2.886889877408442828e+01
5.274380804953531765e+01
1.698023338890205791e-01
3.141630943875507676e+00
1.895179974823928504e+01
4.251599587203281772e+01
9.451985922574122900e-02
2.720181392394998454e+00
2.136251686909571035e+01
3.074638802889550959e+01
8.123296552089100120e-02
2.195602127490662081e+00
1.813844235399956162e+01
3.249613003095956287e+01
4.216707839061179186e+01
4.286461244429955286e+01
4.227366201312585758e+01
4.615801663849953940e+01
3.977986299624472366e+01
3.306149573143961362e+01
3.335041229130458618e+01
4.286023798347368086e+01
4.234752058857755941e+01
3.266783586342994994e+01
1.400000000000000000e+01
1.300000000000000000e+01
1.400000000000000000e+01
1.400000000000000000e+01
1.400000000000000000e+01
1.500000000000000000e+01
1.400000000000000000e+01
1.400000000000000000e+01
1.500000000000000000e+01
1.400000000000000000e+01
2.100301659125182741e-01
4.622668095578290171e+00
3.451584749959347675e+01
6.622807017543829033e+01
2.190799396681742950e-01
5.397085757379853632e+00
3.868290777849585282e+01
7.751960784313683916e+01
2.395676219205620239e-01
5.805516336089065810e+00
4.432193889701611056e+01
8.080134158926671262e+01
2.041491360376803121e-01
4.964403372685078253e+00
3.378441673565492920e+01
7.085784313725466177e+01
1.911334709322320968e-01
4.494665680037175370e+00
3.224909133693950025e+01
5.858642930856512976e+01
1.627272366436447459e-01
3.776383832885364278e+00
2.784045851809001348e+01
6.549561403508748469e+01
2.045989785927857241e-01
4.261040043547755118e+00
2.571176102019742160e+01
3.926289989680063286e+01
3.160243179593012486e-01
7.051548554644493372e+00
3.705028171862507946e+01
5.624071207430314701e+01
2.618050594056775537e-01
5.549356989759458791e+00
3.449907385356287648e+01
6.560036119711000424e+01
1.921753856738368516e-01
5.418834132843396212e+00
4.277593635294856256e+01
7.244272445820382700e+01
2.331174596635781882e+01
2.318000215703182221e+01
2.645042532739313046e+01
2.748749715779885250e+01
2.520664594903495015e+01
2.895686447114051632e+01
2.749204430376176944e+01
1.301681604694481287e+01
1.341174858100165856e+01
1.305038313613818701e+01
1.500000000000000000e+01
1.400000000000000000e+01
1.400000000000000000e+01
1.400000000000000000e+01
1.500000000000000000e+01
1.400000000000000000e+01
1.400000000000000000e+01
1.400000000000000000e+01
1.500000000000000000e+01
1.400000000000000000e+01
1.361269879071732303e-01
2.318634538835762537e+00
1.291756115401618210e+01
2.364834881320938109e+01
1.085542854118700801e-01
2.619817360142422835e+00
1.613794006131457692e+01
3.990763673890610619e+01
1.170582943028758843e-01
3.289273806688652879e+00
2.633733419143626264e+01
5.008875128998943183e+01
1.476409727183715936e-01
3.164709001009294198e+00
2.415772321074172524e+01
4.282094943240431917e+01
1.261345293853027294e-01
3.136346238900399541e+00
2.039905759874793034e+01
4.335345717234244489e+01
1.600381043105494339e-01
4.206599643906124619e+00
3.132958527540556659e+01
6.258023735810081689e+01
9.886613214786559023e-02
2.278415212238729115e+00
1.940849058921807568e+01
4.354411764705858445e+01
9.287594930009762662e-02
1.787713060932866194e+00
1.130154099426539815e+01
2.870330237358088965e+01
4.621139953957277557e-02
1.086045146803662931e+00
7.531161519938602389e+00
1.412564499483997693e+01
4.522240745150975239e-02
1.230039181664570158e+00
9.460358569878700052e+00
1.566099071207425908e+01
1.868154169226940553e+01
1.769003957033448771e+01
2.177010564972067286e+01
1.481131324359862411e+01
2.052285311549054470e+01
1.402007489280995323e+01
1.304798835069988883e+01
1.394408476738434111e+01
1.123610252712211555e+01
1.212435565298214080e+01
1.400000000000000000e+01
1.500000000000000000e+01
1.500000000000000000e+01
1.500000000000000000e+01
1.500000000000000000e+01
1.500000000000000000e+01
1.400000000000000000e+01
1.500000000000000000e+01
1.400000000000000000e+01
1.500000000000000000e+01
6.271665211293674103e-02
1.553002982569539503e+00
9.186288685514647057e+00
1.553818369453036752e+01
9.935897435897382557e-02
1.989953673777188126e+00
1.052477158204712104e+01
2.326831785345715176e+01
8.076327697070684319e-02
2.034085496546784277e+00
1.394326030007135486e+01
1.905727554179544825e+01
5.437141118255707506e-02
1.240523537350159522e+00
9.043862956788620622e+00
1.865608875128997113e+01
8.998835701622050209e-02
1.757231030063837851e+00
7.994353814400215974e+00
1.628740970072236394e+01
7.272234129819254989e-02
1.929490014629324568e+00
1.540976640318739221e+01
3.757714138286875993e+01
8.781522055515819658e-02
2.129378877056882668e+00
1.342314260387007074e+01
1.909674922600611779e+01
7.823622026408372232e-02
1.724075460143562166e+00
1.047198029009167719e+01
1.577554179566558901e+01
5.827445688126778323e-02
1.382603851257095062e+00
8.517311850516135152e+00
1.203611971104221112e+01
7.102881638485314397e-02
1.696187584345468569e+00
9.639348654441455722e+00
1.668421052631574142e+01
2.708205125170543681e+01
1.740509982734945282e+01
3.447190885344181055e+01
4.047684523279945523e+01
2.632251887642973998e+01
2.950317779494270098e+01
2.549264599840510925e+01
2.300815072968707753e+01
2.661648925008706001e+01
3.077031849038940337e+01
1.400000000000000000e+01
1.400000000000000000e+01
1.500000000000000000e+01
1.400000000000000000e+01
1.500000000000000000e+01
1.500000000000000000e+01
1.500000000000000000e+01
1.400000000000000000e+01
1.300000000000000000e+01
1.300000000000000000e+01
1.312944881056331281e-01
3.107837466970579943e+00
1.904233245254906137e+01
3.522368421052619425e+01
1.014097271837205855e-01
2.068648714546549972e+00
1.203161986792007276e+01
2.957017543859654651e+01
2.270877986822247563e-01
5.025967066988705767e+00
2.793000979069076806e+01
7.041357069143417391e+01
1.939350639041036717e-01
2.846382075097228626e+00
1.843317758952425933e+01
3.335242518059848038e+01
1.127219443782902925e-01
3.293421619659986810e+00
2.813013207982233510e+01
5.912306501547952564e+01
1.091562805959086502e-01
2.716193764955358247e+00
1.988444811122818123e+01
4.915144478844139542e+01
1.287972003916274533e-01
3.073532246906852006e+00
2.751876249825151888e+01
6.840918472652188598e+01
1.161023788732761797e-01
2.969271311763556298e+00
2.035703890193043719e+01
3.383797729618144956e+01
1.698321028816384970e-01
3.734591002392844139e+00
2.806621758014934898e+01
5.672187822497389220e+01
1.765665105448378791e-01
4.706038285759627016e+00
3.733667454836171373e+01
6.107662538699673860e+01
2.089108661606667283e+01
3.813708824753143034e+01
3.907764706325087900e+01
4.475628447492039186e+01
4.253381008092268445e+01
3.577883452545652432e+01
2.425515409145033630e+01
2.916011831251718434e+01
3.291751053770622093e+01
3.116889475101740103e+01
1.400000000000000000e+01
1.400000000000000000e+01
1.400000000000000000e+01
1.500000000000000000e+01
1.500000000000000000e+01
1.500000000000000000e+01
1.500000000000000000e+01
1.500000000000000000e+01
1.400000000000000000e+01
1.500000000000000000e+01
1.180671323860173622e-01
2.510327005296030922e+00
1.340773974907090782e+01
2.325412796697618489e+01
1.382968167023890527e-01
2.810382857596466444e+00
1.775178708460429533e+01
5.888493292053667005e+01
2.610839882511692411e-01
6.498514385511241720e+00
4.299878230644451804e+01
5.326909184726454782e+01
1.643678389034418097e-01
3.750972453758808278e+00
2.163944363170356766e+01
4.041511867905042266e+01
2.857558677992099172e-01
7.705067249571848187e+00
5.268169528270117041e+01
5.127528379772888911e+01
1.985294117647050660e-01
4.500350140055995318e+00
2.498319327731073969e+01
3.403070175438581657e+01
1.017868010902062970e-01
2.607955125369973981e+00
1.948011053274202453e+01
4.169040247678003652e+01
1.017074171098936719e-01
2.550846856961399567e+00
1.754872664315382735e+01
2.502399380804935447e+01
1.458548331613339077e-01
3.000571281144012836e+00
1.565352909044851160e+01
2.528379772961800143e+01
2.255629647270513127e-01
4.886441216162569212e+00
2.589124252940041870e+01
4.800257997935992194e+01
1.100000000000000000e+01
2.092396950867592764e+01
3.220345478360978575e+01
2.681300990191142120e+01
2.508361018673348752e+01
2.296464674232982972e+01
2.363524909959698306e+01
1.707886120325357027e+01
1.577379155434735658e+01
1.646587380007511214e+01
1.500000000000000000e+01
1.500000000000000000e+01
1.400000000000000000e+01
1.500000000000000000e+01
1.500000000000000000e+01
1.500000000000000000e+01
1.400000000000000000e+01
1.500000000000000000e+01
1.400000000000000000e+01
1.300000000000000000e+01
7.530232065835756883e-02
1.707257396885871970e+00
1.129470168634252047e+01
1.859726522187811071e+01
9.619684580984895483e-02
1.917755361253810964e+00
1.047429329356571692e+01
2.057507739938078117e+01
1.314201794077946572e-01
3.043088490456888451e+00
2.127507588730491506e+01
4.287177502579959310e+01
1.093348945516122023e-01
2.729649349618375798e+00
2.139195651269944776e+01
3.479876160990687595e+01
1.908126273451342392e-01
4.255118849159071459e+00
2.466673140241232431e+01
4.587822497419995216e+01
1.100956576962765915e-01
2.225647546467965032e+00
1.540828787655406806e+01
4.185190918472638799e+01
8.362440792781358767e-02
2.092843817689010066e+00
1.570541030177246355e+01
3.462074303405558595e+01
8.032004974729396729e-02
1.782176028306047932e+00
1.209898662568937233e+01
2.080159958720325264e+01
9.760921912624674623e-02
1.820857290284526586e+00
1.075090724548925181e+01
1.960706914344677898e+01
7.676430896245102498e-02
1.831888828405846548e+00
1.296183378884609105e+01
1.530521155830743396e+01
4.999617770605446765e-01
5.064973232927230118e-01
7.137418081077355758e-01
8.393407601781496252e-01
9.489152054071223752e-01
1.040770023997260152e+00
1.071475490042312462e+00
9.940004980711580895e-01
8.357504697827460305e-01
6.113080761824202236e-01
3.000000000000000000e+00
5.000000000000000000e+00
5.000000000000000000e+00
3.000000000000000000e+00
4.000000000000000000e+00
4.000000000000000000e+00
4.000000000000000000e+00
5.000000000000000000e+00
4.000000000000000000e+00
3.000000000000000000e+00
3.865398388711917287e-04
9.708014025448200024e-03
6.306747165249121378e-02
5.142592990115463225e-01
7.426000537909131826e-04
1.735167840304762538e-02
1.115673922629734638e-01
5.144761029411756281e-01
1.050342183200030349e-03
2.057307683558608560e-02
1.296341605196497937e-01
5.650067875628865810e-01
9.448990288486318377e-04
2.216708152216465347e-02
1.902252552465923952e-01
8.417796163490056660e-01
1.237052490899780231e-03
2.640541208259605810e-02
1.902819989279017077e-01
1.030361872339395246e+00
9.549738430818487112e-04
2.289941895201261235e-02
1.682497234776577089e-01
1.136842457994708733e+00
1.627004975246248378e-03
4.248074977239100353e-02
2.824913615008972645e-01
1.116628798414921020e+00
7.595518412535367950e-04
1.753101083471715962e-02
1.207178497888376500e-01
1.126886106004902022e+00
8.209762296661209276e-04
2.081323815583915188e-02
2.002195284163337252e-01
9.089705680792046216e-01
9.061631608509606748e-04
2.137267067600057829e-02
1.470906648891212032e-01
8.083072815886211959e-01
7.668967778036831495e-01
8.001650602708214599e-01
8.286975554735042104e-01
7.765795531213800507e-01
8.909004939785597488e-01
9.756456114395855028e-01
8.855257032612231516e-01
7.752601071682688749e-01
7.535816739147133125e-01
7.800206525678832215e-01
1.000000000000000000e+00
3.000000000000000000e+00
3.000000000000000000e+00
5.000000000000000000e+00
5.000000000000000000e+00
6.000000000000000000e+00
4.000000000000000000e+00
5.000000000000000000e+00
6.000000000000000000e+00
2.000000000000000000e+00
5.884511968375366478e-04
1.622523267989497975e-02
1.307630694571280672e-01
7.780589132240063321e-01
1.156169724500374918e-03
2.139814196411728847e-02
1.205355650069888235e-01
8.506277613841590757e-01
1.956760525302809160e-03
4.403061663920985330e-02
2.386968350488590518e-01
8.871114158039844488e-01
2.727441822292335939e-03
6.438671511747383336e-02
3.873198135186704527e-01
8.404024515850744281e-01
2.623728409211180217e-03
4.944038488450144819e-02
3.301283470237459938e-01
1.001513848240774607e+00
4.537623329422015885e-03
9.487591205747836209e-02
5.952250246974810644e-01
1.341630965194462011e+00
1.954778832923172172e-03
5.220705378716486433e-02
3.518704110197121704e-01
1.219830492332623084e+00
1.117057544909833477e-03
2.662137709809376737e-02
1.654107549892000761e-01
8.758069994033792494e-01
1.088562843480421092e-03
2.593062129172253247e-02
1.850757398074563131e-01
8.590347400267674960e-01
8.407656972518237062e-04
1.969544875294489128e-02
1.495849065788165400e-01
8.467819796504130192e-01
1.217726405993755812e+00
1.243276346773971142e+00
1.231519728612135101e+00
1.114829943757890796e+00
1.056186472658343645e+00
1.075874315168770634e+00
1.072273282160977947e+00
1.039597911133672836e+00
1.158681342993117314e+00
1.200234483121571438e+00
1.000000000000000000e+00
1.000000000000000000e+00
1.000000000000000000e+00
1.000000000000000000e+00
2.000000000000000000e+00
2.000000000000000000e+00
2.000000000000000000e+00
1.000000000000000000e+00
1.000000000000000000e+00
1.000000000000000000e+00
4.485391926359771258e-04
9.371124244390259539e-03
8.989997478200098535e-02
1.246490950923954566e+00
6.193313584500883878e-04
1.591441568561879211e-02
1.412347489102120657e-01
1.303015174511416241e+00
8.672851665864499040e-04
2.291948990343841905e-02
2.073526715518663466e-01
1.319054256159698069e+00
6.787175269905504956e-04
1.651298991810151717e-02
1.387251815790416787e-01
1.206208503652282715e+00
9.036824114661852871e-04
2.611543366002127414e-02
2.603931627660118764e-01
1.059187850715943791e+00
8.411904609811178763e-04
1.853954551519487737e-02
1.015230800339805145e-01
1.117978500507932793e+00
9.445275624694006097e-04
2.502177411323830425e-02
1.680806589765938275e-01
1.109979052784765052e+00
7.589397292634118440e-04
1.494683759605805289e-02
8.744066731338843990e-02
1.075205012617710842e+00
1.139826818885442995e-03
3.249759890592734957e-02
2.715605272228124867e-01
1.141551046302567318e+00
8.340163146483291256e-04
2.125778858402544921e-02
1.967496021332045542e-01
1.298692323352037548e+00
1.392087021135554892e+02
1.725557873728359652e+02
2.109417453276496417e+02
2.185897962473031271e+02
2.195319272676385651e+02
1.844111716372123055e+02
1.314815145633598092e+02
1.427751181929120321e+02
1.278516911567485863e+02
1.043331081725139597e+02
7.000000000000000000e+00
7.000000000000000000e+00
8.000000000000000000e+00
8.000000000000000000e+00
7.000000000000000000e+00
8.000000000000000000e+00
6.000000000000000000e+00
8.000000000000000000e+00
8.000000000000000000e+00
6.000000000000000000e+00
1.439355600539806157e-01
3.093045024183747049e+00
2.736761498627781108e+01
9.596705688854471816e+01
2.783086581461185482e-01
6.170120578595780003e+00
3.133617134016212802e+01
2.043731778895767945e+02
5.047500148844945578e-01
1.173340458399956532e+01
1.159986112528678461e+02
2.008084687822499745e+02
3.785760002381514111e-01
9.633901017390712695e+00
7.900777960053768822e+01
3.096991905314752671e+02
6.340551487126552255e-01
1.367629791035840370e+01
8.129297230869360646e+01
2.826426406088753538e+02
1.252575638048735396e+00
3.223093198564832562e+01
2.025358415127171838e+02
3.167242808307530595e+02
5.278021718133948381e-01
1.115723654087139138e+01
6.496110294235752747e+01
1.288003902218774783e+02
2.335728910322557583e-01
5.349862212091295532e+00
3.750031109778576877e+01
1.878390092879258475e+02
3.407594566166530226e-01
8.856447892922306053e+00
6.072637600080481945e+01
1.563407185242518551e+02
2.783076245005416949e-01
6.123736589777585948e+00
3.647832448178309050e+01
1.447527573529409324e+02
1.762507590852447947e+02
1.996720137774382806e+02
2.350855385795109953e+02
2.825480432218839724e+02
2.530185877790775066e+02
1.792148886626314095e+02
2.065404559909208331e+02
2.428107489681071058e+02
2.637570885451469849e+02
2.710170136350990902e+02
8.000000000000000000e+00
9.000000000000000000e+00
8.000000000000000000e+00
8.000000000000000000e+00
6.000000000000000000e+00
8.000000000000000000e+00
9.000000000000000000e+00
7.000000000000000000e+00
9.000000000000000000e+00
1.000000000000000000e+01
1.379643962848293715e-01
2.912057257113356279e+00
2.062922701975515594e+01
1.673261738906088283e+02
1.833571485274267665e-01
4.358866889367065234e+00
2.840125932289231869e+01
2.064153766769864831e+02
2.253719470244229250e-01
4.549829926910017974e+00
4.343363378161640753e+01
2.291919343395254032e+02
2.839409928951325268e-01
8.312834192381371778e+00
7.217471040794835346e+01
2.710536313209491368e+02
3.517603397634345153e-01
7.596111496217885062e+00
4.372044721650442511e+01
2.710441982714138476e+02
5.075935738667921582e-01
1.096250019491597172e+01
8.409606953020715991e+01
2.645238003095973909e+02
3.769943157762410957e-01
8.280354626668437135e+00
5.250737568137891742e+01
1.653942530959753014e+02
3.933769779841752579e-01
9.688866715714581801e+00
8.757601887330474710e+01
2.632610939112485653e+02
1.836201079622128973e-01
5.394871422759347723e+00
5.047441907346586021e+01
2.801503805469553754e+02
2.822150115106760726e-01
6.644371197365557258e+00
3.903775411142858331e+01
3.040916376418987284e+02
7.091265912803845595e+01
1.229957899908315966e+02
1.391165800742761860e+02
1.611739903823853695e+02
1.830300094929790475e+02
1.610718879139742228e+02
1.236386247152740481e+02
1.232748770532747216e+02
1.407539192047041183e+02
9.642648693596848375e+01
1.300000000000000000e+01
9.000000000000000000e+00
9.000000000000000000e+00
1.100000000000000000e+01
1.000000000000000000e+01
9.000000000000000000e+00
1.000000000000000000e+01
1.000000000000000000e+01
9.000000000000000000e+00
1.000000000000000000e+01
1.028059756291177657e-01
2.291622721963270326e+00
1.886160091145090689e+01
5.276123903508752022e+01
1.591367653674148341e-01
3.799349104520328257e+00
2.217954798737978805e+01
1.024946465428276099e+02
2.022648001508291771e-01
3.903932005494492152e+00
3.166029235158972810e+01
1.458366711816304928e+02
2.400577766531704349e-01
5.966305664472238313e+00
2.983358179219726836e+01
1.675732230392156339e+02
2.007221874917303472e-01
4.392704488171768951e+00
2.987202611307672839e+01
1.776731811145509425e+02
2.145455432510379179e-01
4.990855780571316735e+00
3.276776671363539606e+01
2.165847845717230484e+02
2.690500879839105575e-01
6.937008457229011604e+00
4.091979660453900891e+01
1.253857714138287065e+02
2.084050683363764811e-01
4.462795847083770973e+00
3.905375169635986765e+01
1.378881578947367075e+02
1.502116492683435445e-01
4.065850606436887560e+00
2.132959664550690704e+01
1.563267382610939080e+02
9.738657186896304552e-02
2.228126701085279215e+00
1.756379639828257666e+01
1.269326141640866012e+02
